00000000000000000000000000000000
01000000000000000000000000000000
01100000000000000000000000000000
00110000000000000000000000000000
00011000000000000000000000000000
00001100000000000000000000000000
00000110000000000000000000000000
00000011000000000000000000000000
00000001000000000000000000000000
00000000200000000000000000000000
00000000220000000000000000000000
00000000022000000000000000000000
00000000002200000000000000000000
00000000000220000000000000000000
00000000000022000000000000000000
00000000000002000000000000000000
00000000000000300000000000000000
00000000000000330000000000000000
00000000000000033000000000000000
00000000000000003300000000000000
00000000000000000300000000000000
00000000000000000330000000000000
00000000000000000004000000000000
00000000000000000004400000000000
00000000000000000000440000000000
00000000000000000000044000000000
00000000000000000000004400000000
00000000000000000000000440000000
00000000000000000000000005000000
00000000000000000000000005500000
00000000000000000000000000550000
00000000000000000000000000055000
00000000000000000000000000005000
00000000000000000000000000000000
00000000000000000000000000000000
00000000000000000000000000000000
